    -162
      46
    -105
     116
      24
      32
     197
    -102
     120
     -42
     -25
    -121
     163
     -94
    -173
      35
     -76
     -15
      67
      60
     191
    -161
    -162
      99
     175
     201
     -60
      76
    -125
      98
    -141
     -79
     -48
    -150
    -143
      -9
     -87
    -175
      76
      14
    -159
      57
     -74
      83
     -67
     235
     165
     -58
     -79
     109
     -11
      11
      86
     156
      45
     -21
    -229
      31
    -232
    -124
     -57
      59
     -91
     -73
     166
     -58
      -5
      60
    -149
      33
     241
     198
     -47
       1
       1
     184
    -166
      68
    -207
    -174
     117
     -31
    -172
     142
      48
     -20
     -95
     -67
     140
     143
     292
     213
     165
      46
     -81
      72
     149
      14
     -13
    -108
     -74
      99
       2
    -126
    -163
    -106
      82
      27
    -252
     212
    -127
     -29
      91
    -118
     170
     -11
     224
    -113
      72
     -15
    -153
      65
     187
     -60
       9
       8
      46
      81
     118
     307
       2
     -50
      22
      43
      50
    -119
     204
      18
     -10
    -145
    -243
     152
     -85
      11
     146
     -21
     -17
    -147
     166
     -37
     -39
     -94
      -8
     239
      12
     185
      41
       1
      46
     -72
     -59
     176
     -64
    -230
      43
      23
     137
      -3
      25
     -20
     147
     -58
     142
      36
      83
     -79
     112
     -45
      26
      23
     -23
      -8
     -92
    -104
    -257
     -43
     -21
    -217
     -13
     -44
      18
     172
      -7
      55
     -22
     -75
    -141
      81
      41
    -118
     -40
      78
      39
      58
     -66
      64
    -133
      35
     -68
     -36
      38
    -104
      25
      90
     -73
     142
     174
      36
     310
    -121
      80
     -19
     -23
      82
    -100
     136
      -5
      59
    -111
     -42
    -147
     -44
      81
      37
      18
      44
     -49
      -9
    -122
     -71
    -261
     -21
      13
      90
    -155
     195
     -12
    -108
    -272
     -35
       6
    -125
     165
     -39
     -39
     112
